r: 0.262939
b: 0.240723
g: 0.496094