reprojection error = 0.8692661427949411
image center = (670.21, 380.14)
FOV = (54.96, 32.45) degrees
mtx = [[1230.5642479670416, 0.0, 670.2136192250273], [0.0, 1236.9847320777644, 380.13941446862134], [0.0, 0.0, 1.0]]
dist = [[0.3429686894097005, -2.5260873521404896, 0.009816323216217967, 0.001435552712234123, 6.877960486694869]]