reprojection error = 0.33983610091663136
image center = (337.05, 250.34)
FOV = (52.10, 40.18) degrees
mtx = [[654.5772870367346, 0.0, 337.0507139506593], [0.0, 656.1587737528665, 250.33959129066534], [0.0, 0.0, 1.0]]
dist = [[0.08347161242882054, -0.4187163193375646, 0.007898104661949604, -0.001084625132784283, -0.2415468504089658]]