reprojection error = 0.4802411325051484
image center = (338.33, 243.24)
FOV = (50.84, 39.15) degrees
mtx = [[673.2946784207013, 0.0, 338.32735791651214], [0.0, 674.913144964099, 243.23553878656122], [0.0, 0.0, 1.0]]
dist = [[0.23043245995377515, -1.5921125543828383, 0.0012903320182703385, 0.0002778925374253235, 4.701706032067453]]
